//cartas estraidas do BD https://ratemyserver.net
//código usado em inspecioar>console
//-------------------CODIGO--------------------

$$(".btext tbody tr td:nth-child(2)").map(item => item.textContent.split("#")[1]).filter(item => item).map(item => Number(item.split(" ")[1]))

//Criado por Fábio de Andrade.

//--------------------CARDS HEADGEARS----------------------------

4241;4438;4379;4288;4041;4296;4169;4122;4177;4052;4258;4330;4354;4110;4271;4278;4087;4161;4365;4343;4269;4412;4366;4403;4434;4195;4188;4357;4112;4364;4046;4198;4132;4206;4127;4143;4311;4148;4185;4358;4039;4223;4229;4336;4411;4374;4372;4010;4261;4260;

//--------------------CARDS ARMOR-------------------------------

4409;4401;4400;4387;4054;4234;4243;4242;4371;4114;4023;4233;4450;4119;4213;4426;4300;4299;4061;4298;4392;4170;4173;4386;4370;4181;4098;4279;4410;4346;4451;4141;4405;4280;4047;4270;44084150;4162;4324;4363;4286;4301;4295;4419;4191;4201;4105;4339;4393;4166;4338;4135;4099;4031;4315;4008;4011;4337;4001;4003;4383;4353;4021;4014;4342;4194;4101;4216;4078;4222;4404;4158;4220;4042;4218;4089;4302;4016;4369;4333;4332;4259;4189;4382;

//--------------------CARDS ARMOR-------------------------------

4140;4062;4043;4018;4094;4246;4247;4425;4147;4307;4320;4214;4428;4390;4063;4289;4368;4452;4284;4153;4297;4171;4388;4082;4125;4182;4398;4142;4134;4069;4137;4180;4004;4421;4176;4118;4251;4360;4002;4316;4020;4026;4080;4165;4157;4060;4155;4156;4072;4163;4323;4345;4453;4019;4362;4115;4035;4268;4065;4292;4291;4394;4350;4184;4276;4006;4395;4076;4030;4202;4055;4361;4399;4341;4057;4126;4317;4106;4203;4440;4167;4255;4085;4310;4007;4329;4121;4335;4024;4407;4380;4104;4192;4263;4005;4017;4068;4130;4312;4273;4117;4406;4025;4092;4037;4367;4086;4225;4318;4111;4427;4172;4308;4305;4049;4029;4096;4281;4274;


